This file contains two arrays:

1. strings_not_contained_500000 is the array of the first 100 strings that do not appear in the sequence generated by 500,000 generations of the middle column of Rule 30 (stratring from a single 1 in the middle).
2. numbers_not_contained_500000 is the array of (the first 100) integers that result by interpreting the elements of strings_not_contained_500000 as numbers in binary representation.


strings_not_contained_500000 = [
1000010010011100,1001100001100101,1001111010000100,1010001111011111,1010011101101011,1010100001100010,1011000110010100,1011001010100101,1011110000011010,1011111111000101,1100100000111100,1101100101001001,1101100101010010,1110110100110110,1110111110011111,1111110011110110,10000000000010110,10000000010100101,10000000010111011,10000000100110000,10000000101100101,10000000110010011,10000000110010111,10000000110100010,10000000110100111,10000000110101001,10000000110111101,10000000111011111,10000001001010000,10000001001101101,10000001001110101,10000001010001011,10000001010001111,10000001010110000,10000001100100110,10000001100111001,10000001100111100,10000001111101000,10000001111110101,10000010000001100,10000010000100010,10000010000110111,10000010001000101,10000010011000001,10000010011001001,10000010011111001,10000010100111010,10000010100111100,10000010110010100,10000011000010111,10000011000110111,10000011000111110,10000011010111101,10000011011000001,10000011011001101,10000011100001101,10000011100101111,10000011101111100,10000011110011010,10000011110111110,10000011111110100,10000100001000011,10000100010000111,10000100010011000,10000100010011011,10000100010100101,10000100011000111,10000100011111010,10000100100011111,10000100100100011,10000100100111000,10000100100111001,10000100101010100,10000100101011000,10000100110000100,10000100110010011,10000100111101101,10000101000011110,10000101000100111,10000101000110000,10000101000111110,10000101001111010,10000101001111100,10000101010000010,10000101010100010,10000101101000100,10000101110011111,10000101111111100,10000110000000100,10000110001000011,10000110010100101,10000110100101000,10000110101110110,10000110111011001,10000110111011100,10000111001011000,10000111001101111,10000111011010111,10000111011011011,10000111011100001]

numbers_not_contained_500000 = [
33948,39013,40580,41951,42859,43106,45460,45733,48154,49093,51260,55625,55634,60726,61343,64758,65558,65701,65723,65840,65893,65939,65943,65954,65959,65961,65981,66015,66128,66157,66165,66187,66191,66224,66342,66361,66364,66536,66549,66572,66594,66615,66629,66753,66761,66809,66874,66876,66964,67095,67127,67134,67261,67265,67277,67341,67375,67452,67482,67518,67572,67651,67719,67736,67739,67749,67783,67834,67871,67875,67896,67897,67924,67928,67972,67987,68077,68126,68135,68144,68158,68218,68220,68226,68258,68420,68511,68604,68612,68675,68773,68904,68982,69081,69084,69208,69231,69335,69339,69345]